 <pre>

 Contingency table for U10m (m/s)
 Selection: ALL   1027 stations
Period: 20220201-20220227
Used {00,03,...,21} + 00 03 ... 66
 Limits    1.5000000000000000        3.2999999999999998        5.5000000000000000        8.0000000000000000        10.800000000000001        13.900000000000000        24.500000000000000     
 Each class is data <= limit, the very last > last limit
 Total number of values     1447352
                                              OBSERVATION
                                 100457    35568     5991     1348      308       56       19        0 |    143747
                                  88512   150877    49836     8796     1948      401       94        0 |    300464
                                  23898   138418   169140    54974     7738     1676      318        0 |    396162
                           REF     4256    28399    99741   126372    36776     6045     1281        0 |    302870
                                    895     3780    17305    57298    65030    27295     3994        1 |    175598
                                    178      518     2190     8964    23678    37266    15464        4 |     88262
                                     39       87      269     1167     3284     9320    25621      240 |     40027
                                      0        0        0        0        1        1      116      104 |       222

                    SUM          218235   357647   344472   258919   138763    82060    46907      349 |   1447352
                                              OBSERVATION
                                 100420    35681     6021     1410      338       63        8        0 |    143941
                                  88549   150452    49623     8701     1922      402       91        0 |    299740
                                  23845   138582   169278    54994     7844     1676      327        0 |    396546
                          t2h2     4309    28532    99699   126174    36629     6014     1257        0 |    302614
                                    898     3801    17285    57428    64906    27275     4025        1 |    175619
                                    185      511     2298     9058    23743    37325    15449        5 |     88574
                                     29       88      268     1154     3380     9304    25634      238 |     40095
                                      0        0        0        0        1        1      116      105 |       223

                    SUM          218235   357647   344472   258919   138763    82060    46907      349 |   1447352

