 <pre>

 Contingency table for Cloud cover (octas)
 Selection: ALL    422 stations
Period: 20220201-20220217
Used {00,03,...,21} + 03 06 ... 66
 Limits   0.50000000000000000        1.5000000000000000        2.5000000000000000        3.5000000000000000        4.5000000000000000        5.5000000000000000        6.5000000000000000        7.5000000000000000     
 Each class is data <= limit, the very last > last limit
 Total number of values      288004
                                                       OBSERVATION
                                  10677     2368     2248     1357      729      936     1198     1324     2617 |     23454
                                   1853      606      781      611      378      561      736     1128     2016 |      8670
                                    995      360      525      386      248      393      540     1002     1823 |      6272
                                    796      316      429      365      248      405      601      994     1946 |      6100
                           REF      726      308      439      386      262      391      627     1045     2097 |      6281
                                    689      313      437      352      286      459      683     1237     2500 |      6956
                                    761      370      491      445      310      552      885     1652     3475 |      8941
                                   1088      513      690      667      531      928     1571     3034     6709 |     15731
                                   3712     2248     2609     2951     2426     4866     9899    40361   136527 |    205599

                    SUM           21297     7402     8649     7520     5418     9491    16740    51777   159710 |    288004
                                                       OBSERVATION
                                  10691     2343     2252     1382      736      950     1214     1318     2607 |     23493
                                   1840      614      785      573      370      550      733     1147     2037 |      8649
                                   1016      360      549      418      253      405      625      998     1867 |      6491
                                    827      322      430      392      237      389      549     1017     1890 |      6053
                          t2h2      717      310      417      373      279      380      590     1025     2090 |      6181
                                    659      315      445      357      294      479      652     1298     2517 |      7016
                                    755      362      460      436      316      557      944     1593     3394 |      8817
                                   1056      517      678      684      532      895     1541     3125     6725 |     15753
                                   3736     2259     2633     2905     2401     4886     9892    40256   136583 |    205551

                    SUM           21297     7402     8649     7520     5418     9491    16740    51777   159710 |    288004

