 <pre>

 Contingency table for Visibility (m)
 Selection: ALL    734 stations
Period: 20220201-20220227
Used {00,03,...,21} + 00 03 ... 66
 Limits    1000.0000000000000        5000.0000000000000        10000.000000000000        20000.000000000000     
 Each class is data <= limit, the very last > last limit
 Total number of values      985799
                                     OBSERVATION
                                   3210     7711     3196     2389     1829 |     18335
                                   8955    72081    47095    48471    40212 |    216814
                           REF     1805    21320    40220    71848    95012 |    230205
                                   1073    11802    37606    81709   165142 |    297332
                                   2129    12125    22523    58203   128133 |    223113

                    SUM           17172   125039   150640   262620   430328 |    985799
                                     OBSERVATION
                                   3204     7802     3155     2392     1866 |     18419
                                   8991    72081    47265    48652    40272 |    217261
                          t2h2     1825    21355    40111    71846    95086 |    230223
                                   1048    11796    37511    81696   165290 |    297341
                                   2104    12005    22598    58034   127814 |    222555

                    SUM           17172   125039   150640   262620   430328 |    985799

