 <pre>

 Contingency table for Cloud cover (octas)
 Selection: ALL    423 stations
Period: 20220201-20220227
Used {00,03,...,21} + 03 06 ... 66
 Limits   0.50000000000000000        1.5000000000000000        2.5000000000000000        3.5000000000000000        4.5000000000000000        5.5000000000000000        6.5000000000000000        7.5000000000000000     
 Each class is data <= limit, the very last > last limit
 Total number of values      454456
                                                       OBSERVATION
                                  22034     4568     3936     2480     1425     1791     2237     2750     4687 |     45908
                                   3246     1063     1249     1049      688      979     1339     2028     3293 |     14934
                                   1690      598      829      616      431      673      959     1711     2861 |     10368
                                   1373      522      666      592      410      666      964     1731     2894 |      9818
                           REF     1283      505      667      603      413      645     1040     1846     3165 |     10167
                                   1178      494      653      575      461      767     1166     2109     3758 |     11161
                                   1330      561      747      717      537      891     1484     2739     5206 |     14212
                                   1830      801     1063     1068      842     1513     2672     5043    10022 |     24854
                                   6242     3415     4047     4839     3943     7946    16822    64276   201504 |    313034

                    SUM           40206    12527    13857    12539     9150    15871    28683    84233   237390 |    454456
                                                       OBSERVATION
                                  22119     4529     3947     2501     1445     1804     2265     2747     4662 |     46019
                                   3270     1056     1287      994      642      990     1309     2005     3338 |     14891
                                   1754      620      846      675      454      684     1065     1754     2862 |     10714
                                   1414      520      643      616      396      672      973     1750     2883 |      9867
                          t2h2     1237      517      643      595      463      593     1012     1800     3135 |      9995
                                   1158      496      675      582      479      811     1100     2131     3779 |     11211
                                   1277      578      700      738      522      929     1568     2669     5064 |     14045
                                   1761      811     1033     1077      854     1470     2582     5190    10049 |     24827
                                   6216     3400     4083     4761     3895     7918    16809    64187   201618 |    312887

                    SUM           40206    12527    13857    12539     9150    15871    28683    84233   237390 |    454456

