 <pre>

 Contingency table for Visibility (m)
 Selection: ALL    732 stations
Period: 20220201-20220217
Used {00,03,...,21} + 00 03 ... 66
 Limits    1000.0000000000000        5000.0000000000000        10000.000000000000        20000.000000000000     
 Each class is data <= limit, the very last > last limit
 Total number of values      625579
                                     OBSERVATION
                                   2389     5826     2311     1620     1123 |     13269
                                   6210    52040    32916    32636    27304 |    151106
                           REF     1204    15173    27728    47428    62205 |    153738
                                    697     7119    22663    48797    98911 |    178187
                                   1496     7600    13909    34856    71418 |    129279

                    SUM           11996    87758    99527   165337   260961 |    625579
                                     OBSERVATION
                                   2380     5895     2301     1588     1172 |     13336
                                   6221    52034    33063    32852    27346 |    151516
                          t2h2     1236    15209    27657    47192    62350 |    153644
                                    683     7091    22564    48938    98867 |    178143
                                   1476     7529    13942    34767    71226 |    128940

                    SUM           11996    87758    99527   165337   260961 |    625579

