 <pre>

 Contingency table for Rh2m (%)
 Selection: ALL   1056 stations
Period: 20220603-20220626
Used {00,03,...,21} + 00 03 ... 66
 Limits    30.000000000000000        50.000000000000000        65.000000000000000        75.000000000000000        85.000000000000000        95.000000000000000        100.00000000000000     
 Each class is data <= limit, the very last > last limit
 Total number of values     1336748
                                              OBSERVATION
                                   3575     3252      116       26        4        8        2        0 |      6983
                                   6372   110189    26998     3305     1284      511       89        0 |    148748
                                    662    51318   137350    45590    14168     5564      956        0 |    255608
                           REF      101     7351    55895    91262    51437    16861     3010        0 |    225917
                                     37     2596    19160    55126   118051    61293    10784        0 |    267047
                                     30     1072     7118    18884    71475   154045    48515        0 |    301139
                                      4      212     1306     3471    12133    49490    59861        0 |    126477
                                      0        4       17       66      439     1286     3017        0 |      4829

                    SUM           10781   175994   247960   217730   268991   289058   126234        0 |   1336748
                                              OBSERVATION
                                   3557     3263      120       30        6        6        2        0 |      6984
                                   6395   109451    26389     3217     1238      496       99        0 |    147285
                                    665    52015   137184    45019    13922     5452      942        0 |    255199
                          t2h2       91     7306    56481    91374    50725    16596     2988        0 |    225561
                                     43     2656    19296    55512   118490    60598    10750        0 |    267345
                                     26     1126     7170    19072    71898   155037    48307        0 |    302636
                                      4      174     1305     3442    12283    49591    60229        0 |    127028
                                      0        3       15       64      429     1282     2917        0 |      4710

                    SUM           10781   175994   247960   217730   268991   289058   126234        0 |   1336748

