 <pre>

 Contingency table for Visibility (m)
 Selection: ALL    720 stations
Period: 20220603-20220626
Used {00,03,...,21} + 00 03 ... 66
 Limits    1000.0000000000000        5000.0000000000000        10000.000000000000        20000.000000000000     
 Each class is data <= limit, the very last > last limit
 Total number of values      875947
                                     OBSERVATION
                                   1739     1186     1243     2642     2005 |      8815
                                   2938     8794    13662    23452    20000 |     68846
                           REF     1200     5201    12080    30389    37597 |     86467
                                    823     4803    19742    66095   142113 |    233576
                                    490     2618    26689   106935   341511 |    478243

                    SUM            7190    22602    73416   229513   543226 |    875947
                                     OBSERVATION
                                   1726     1167     1216     2672     1995 |      8776
                                   3048     8792    13746    23610    20158 |     69354
                          t2h2     1150     5239    12125    30622    37765 |     86901
                                    783     4746    19808    66021   142844 |    234202
                                    483     2658    26521   106588   340464 |    476714

                    SUM            7190    22602    73416   229513   543226 |    875947

