 <pre>

 Contingency table for Cloud cover (octas)
 Selection: ALL    408 stations
Period: 20220603-20220626
Used {00,03,...,21} + 03 06 ... 66
 Limits   0.50000000000000000        1.5000000000000000        2.5000000000000000        3.5000000000000000        4.5000000000000000        5.5000000000000000        6.5000000000000000        7.5000000000000000     
 Each class is data <= limit, the very last > last limit
 Total number of values      389320
                                                       OBSERVATION
                                  43041    11552    11455     6060     3124     3957     4420     3358     5635 |     92602
                                   6405     2631     3646     2479     1489     2266     2900     2307     4016 |     28139
                                   3444     1324     2088     1550      993     1671     2189     1824     3255 |     18338
                                   2573     1085     1731     1236      897     1529     2148     1845     3400 |     16444
                           REF     2310      961     1609     1369      878     1661     2340     1901     3595 |     16624
                                   1966      905     1561     1289      881     1687     2535     2331     4238 |     17393
                                   2083      883     1568     1321      920     1861     3018     2870     5545 |     20069
                                   2549     1241     1874     1680     1217     2411     4490     4776     9660 |     29898
                                   5981     2804     4038     3965     2994     6818    14298    24625    84290 |    149813

                    SUM           70352    23386    29570    20949    13393    23861    38338    45837   123634 |    389320
                                                       OBSERVATION
                                  42934    11578    11443     6082     3138     3913     4392     3379     5571 |     92430
                                   6463     2537     3623     2486     1512     2251     2876     2299     4011 |     28058
                                   3415     1413     2098     1574     1002     1688     2208     1816     3220 |     18434
                                   2616     1088     1738     1304      872     1545     2120     1758     3408 |     16449
                          t2h2     2211      951     1665     1278      876     1625     2330     1944     3608 |     16488
                                   2029      909     1515     1236      888     1739     2611     2310     4245 |     17482
                                   2079      924     1547     1260      942     1824     3065     2943     5547 |     20131
                                   2602     1196     1889     1663     1189     2369     4413     4648     9624 |     29593
                                   6003     2790     4052     4066     2974     6907    14323    24740    84400 |    150255

                    SUM           70352    23386    29570    20949    13393    23861    38338    45837   123634 |    389320

